Code\Core\Solution.cs(46,13): warning CS0162: Unreachable code detected [E:\WorkSpace2017\AIForAirline\AIForAirline.csproj]
1417,108,½µÂä,20170505 0610,18
1291,54,Æð·É,20170505 0650,66
1241,132,Æð·É,20170505 0650,33
0885,134,Æð·É,20170505 0655,54
0146,69,Æð·É,20170505 0700,62
0596,20,Æð·É,20170505 0700,25
1011,48,Æð·É,20170505 0700,31
2044,82,Æð·É,20170505 0705,65
0090,45,Æð·É,20170505 0710,67
0042,90,Æð·É,20170505 0715,32
0436,7,Æð·É,20170505 0725,56
2115,136,Æð·É,20170505 0730,60
0668,28,Æð·É,20170505 0730,52
1192,70,Æð·É,20170505 0735,72
1114,43,Æð·É,20170505 0735,41
0165,88,Æð·É,20170505 0745,57
0281,107,Æð·É,20170505 0750,79
1567,41,Æð·É,20170505 0755,53
1086,91,Æð·É,20170505 0805,38
0764,126,Æð·É,20170505 0810,37
1547,13,Æð·É,20170505 0815,58
1274,133,Æð·É,20170505 0820,68
0866,42,Æð·É,20170505 0835,46
1415,59,Æð·É,20170505 0845,7
0566,14,Æð·É,20170505 0850,27
0122,36,½µÂä,20170505 0855,32
0202,56,Æð·É,20170505 0855,62
2342,106,½µÂä,20170505 0855,11
0558,25,Æð·É,20170505 0900,25
1808,95,Æð·É,20170505 0900,54
0132,130,½µÂä,20170505 0920,72
0181,58,½µÂä,20170505 0920,62
0066,24,Æð·É,20170505 0930,36
0245,18,Æð·É,20170505 0930,16
1477,6,½µÂä,20170505 0935,52
0676,77,Æð·É,20170505 0940,32
0813,124,Æð·É,20170505 0950,52
1295,67,Æð·É,20170505 0955,62
0519,92,½µÂä,20170505 0955,25
0325,109,Æð·É,20170505 1000,14
0627,63,½µÂä,20170505 1015,27
0890,58,Æð·É,20170505 1020,46
0852,6,Æð·É,20170505 1035,21
0210,104,½µÂä,20170505 1040,37
0013,103,½µÂä,20170505 1045,48
1263,54,½µÂä,20170505 1050,66
0544,64,½µÂä,20170505 1050,63
0487,37,½µÂä,20170505 1105,36
0135,106,Æð·É,20170505 1105,67
0862,36,Æð·É,20170505 1105,38
1025,48,½µÂä,20170505 1110,31
1162,130,Æð·É,20170505 1110,34
0639,63,Æð·É,20170505 1115,41
0055,92,Æð·É,20170505 1115,72
0116,47,½µÂä,20170505 1115,62
0847,35,Æð·É,20170505 1135,37
0169,104,Æð·É,20170505 1145,22
1043,54,Æð·É,20170505 1155,31
0289,15,½µÂä,20170505 1155,17
1231,128,½µÂä,20170505 1155,33
1204,108,Æð·É,20170505 1200,48
1571,41,½µÂä,20170505 1200,53
0444,37,Æð·É,20170505 1205,79
1126,43,½µÂä,20170505 1205,41
0334,48,Æð·É,20170505 1210,60
0664,73,½µÂä,20170505 1210,66
1047,91,½µÂä,20170505 1215,38
0379,64,Æð·É,20170505 1220,55
0173,47,Æð·É,20170505 1230,62
0183,88,½µÂä,20170505 1235,57
1430,59,½µÂä,20170505 1250,7
2185,103,Æð·É,20170505 1250,73
1320,97,½µÂä,20170505 1255,27
0543,15,Æð·É,20170505 1300,57
1748,43,Æð·É,20170505 1305,32
0475,73,Æð·É,20170505 1310,52
0267,8,½µÂä,20170505 1315,22
1866,128,Æð·É,20170505 1315,38
0389,93,½µÂä,20170505 1320,60
0008,133,½µÂä,20170505 1325,68
0214,56,½µÂä,20170505 1330,62
0984,19,½µÂä,20170505 1335,21
0534,91,Æð·É,20170505 1335,63
0285,109,½µÂä,20170505 1340,14
1060,88,Æð·É,20170505 1350,16
1352,16,½µÂä,20170505 1355,20
1227,41,Æð·É,20170505 1400,68
1328,97,Æð·É,20170505 1400,15
0568,20,½µÂä,20170505 1400,25
0092,132,½µÂä,20170505 1415,67
0220,8,Æð·É,20170505 1415,27
0931,68,½µÂä,20170505 1415,38
2224,93,Æð·É,20170505 1420,35
1155,50,½µÂä,20170505 1420,72
0999,5,½µÂä,20170505 1420,42
1816,95,½µÂä,20170505 1425,54
0198,59,Æð·É,20170505 1430,62
0991,19,Æð·É,20170505 1435,78
0469,9,½µÂä,20170505 1445,57
0241,109,Æð·É,20170505 1500,57
0542,20,Æð·É,20170505 1500,25
1299,67,½µÂä,20170505 1505,62
1649,56,Æð·É,20170505 1510,67
1359,16,Æð·É,20170505 1510,37
0874,42,½µÂä,20170505 1520,46
0373,107,½µÂä,20170505 1535,79
0602,63,½µÂä,20170505 1545,41
0699,5,Æð·É,20170505 1545,30
1151,50,Æð·É,20170505 1550,31
1072,54,½µÂä,20170505 1555,31
1367,68,Æð·É,20170505 1555,10
0251,95,Æð·É,20170505 1600,62
1178,130,½µÂä,20170505 1600,34
0647,23,½µÂä,20170505 1600,25
1332,118,½µÂä,20170505 1615,37
0775,42,Æð·É,20170505 1630,46
1015,13,½µÂä,20170505 1635,78
1039,133,Æð·É,20170505 1635,42
0047,90,½µÂä,20170505 1640,32
0262,14,½µÂä,20170505 1645,27
0619,63,Æð·É,20170505 1645,27
0483,132,Æð·É,20170505 1650,57
1404,107,Æð·É,20170505 1650,6
0933,67,Æð·É,20170505 1655,38
0904,58,½µÂä,20170505 1655,46
0744,27,Æð·É,20170505 1700,25
0269,47,½µÂä,20170505 1710,62
0237,18,½µÂä,20170505 1710,16
0112,106,½µÂä,20170505 1720,67
0193,54,Æð·É,20170505 1730,62
1023,13,Æð·É,20170505 1735,21
0654,9,Æð·É,20170505 1735,66
0660,28,½µÂä,20170505 1735,52
1341,112,½µÂä,20170505 1740,15
1336,118,Æð·É,20170505 1740,20
0264,14,Æð·É,20170505 1745,22
0804,90,Æð·É,20170505 1750,11
0024,92,½µÂä,20170505 1755,72
2205,93,½µÂä,20170505 1755,35
1400,18,Æð·É,20170505 1810,18
1147,47,Æð·É,20170505 1810,34
0450,7,½µÂä,20170505 1810,56
1217,108,½µÂä,20170505 1825,48
0312,106,Æð·É,20170505 1830,14
2234,58,Æð·É,20170505 1830,40
0347,92,Æð·É,20170505 1835,60
2109,141,½µÂä,20170505 1835,60
1852,130,Æð·É,20170505 1850,33
0386,3,½µÂä,20170505 1855,23
1264,41,½µÂä,20170505 1855,68
0230,93,Æð·É,20170505 1900,62
0463,122,½µÂä,20170505 1905,79
1034,7,Æð·É,20170505 1905,31
0841,126,½µÂä,20170505 1905,37
0189,59,½µÂä,20170505 1910,62
1306,112,Æð·É,20170505 1920,27
1282,109,½µÂä,20170505 1935,57
0329,108,Æð·É,20170505 1955,17
2039,140,½µÂä,20170505 2000,65
0879,6,½µÂä,20170505 2010,21
0479,122,Æð·É,20170505 2010,36
0195,115,½µÂä,20170505 2010,22
0652,77,½µÂä,20170505 2015,32
1171,50,½µÂä,20170505 2015,31
0096,45,½µÂä,20170505 2025,67
0154,141,Æð·É,20170505 2030,72
0161,41,Æð·É,20170505 2055,62
0004,59,Æð·É,20170505 2100,48
2338,109,Æð·É,20170505 2100,11
0223,30,½µÂä,20170505 2100,62
0795,124,½µÂä,20170505 2105,52
0076,140,Æð·É,20170505 2105,67
1669,56,½µÂä,20170505 2110,67
1481,6,Æð·É,20170505 2110,52
0206,115,Æð·É,20170505 2110,37
1421,107,½µÂä,20170505 2125,6
0495,77,Æð·É,20170505 2130,25
0914,36,½µÂä,20170505 2135,38
1071,88,½µÂä,20170505 2155,16
0546,20,½µÂä,20170505 2200,25
0177,126,Æð·É,20170505 2200,32
0658,5,½µÂä,20170505 2205,30
0275,106,½µÂä,20170505 2205,14
0160,54,½µÂä,20170505 2215,62
2160,103,½µÂä,20170505 2235,73
1385,68,½µÂä,20170505 2240,10
0582,15,½µÂä,20170505 2255,57
1560,19,½µÂä,20170505 2255,58
1856,130,½µÂä,20170505 2255,33
1742,43,½µÂä,20170505 2300,32
0823,35,½µÂä,20170505 2300,37
1098,47,½µÂä,20170505 2300,34
0799,42,½µÂä,20170505 2305,46
0878,134,½µÂä,20170505 2305,54
0725,29,½µÂä,20170505 2315,25
0997,7,½µÂä,20170505 2320,31
0589,8,½µÂä,20170505 2320,27
2225,58,½µÂä,20170505 2325,40
0354,48,½µÂä,20170505 2325,60
0434,64,½µÂä,20170505 2330,55
0255,93,½µÂä,20170505 2335,62
0757,90,½µÂä,20170505 2335,11
2319,128,½µÂä,20170505 2340,38
0504,81,½µÂä,20170505 2340,52
0538,23,Æð·É,20170506 0010,2
1418,18,½µÂä,20170506 0610,18
0427,21,½µÂä,20170506 0610,1
1242,5,Æð·É,20170506 0650,33
1292,54,Æð·É,20170506 0650,66
0147,15,Æð·É,20170506 0700,62
0597,28,Æð·É,20170506 0700,25
1012,42,Æð·É,20170506 0700,31
0074,45,Æð·É,20170506 0710,67
2346,90,Æð·É,20170506 0710,65
0043,7,Æð·É,20170506 0715,32
0437,128,Æð·É,20170506 0725,56
0669,48,Æð·É,20170506 0730,52
2116,47,Æð·É,20170506 0730,60
1115,43,Æð·É,20170506 0735,41
1193,134,Æð·É,20170506 0735,72
0166,19,Æð·É,20170506 0745,57
0282,68,Æð·É,20170506 0750,79
1087,81,Æð·É,20170506 0805,38
0765,124,Æð·É,20170506 0810,37
1558,8,Æð·É,20170506 0815,58
1275,88,Æð·É,20170506 0820,68
0871,103,Æð·É,20170506 0835,46
1410,107,Æð·É,20170506 0845,7
0610,35,Æð·É,20170506 0850,8
2343,109,½µÂä,20170506 0855,11
0203,30,Æð·É,20170506 0855,62
0123,131,½µÂä,20170506 0855,32
1809,36,Æð·É,20170506 0900,54
0559,20,Æð·É,20170506 0900,25
0191,41,½µÂä,20170506 0920,62
0130,141,½µÂä,20170506 0920,72
0246,58,Æð·É,20170506 0930,16
1478,11,½µÂä,20170506 0935,52
0677,106,Æð·É,20170506 0940,32
0814,130,Æð·É,20170506 0950,52
1296,56,Æð·É,20170506 0955,62
0520,77,½µÂä,20170506 0955,25
0326,18,Æð·É,20170506 1000,14
0891,93,Æð·É,20170506 1020,46
1485,11,Æð·É,20170506 1035,21
0211,16,½µÂä,20170506 1040,37
0014,59,½µÂä,20170506 1045,48
0553,91,½µÂä,20170506 1050,63
0526,21,Æð·É,20170506 1100,25
1259,54,½µÂä,20170506 1100,66
0136,77,Æð·É,20170506 1105,67
0488,69,½µÂä,20170506 1105,36
0863,41,Æð·É,20170506 1105,38
1163,109,Æð·É,20170506 1110,34
1038,42,½µÂä,20170506 1110,31
0139,10,½µÂä,20170506 1115,62
0059,29,Æð·É,20170506 1115,72
0848,64,Æð·É,20170506 1135,37
0170,16,Æð·É,20170506 1145,22
0290,108,½µÂä,20170506 1155,17
1232,140,½µÂä,20170506 1200,33
1205,54,Æð·É,20170506 1200,48
1044,42,Æð·É,20170506 1200,31
0445,69,Æð·É,20170506 1205,79
1127,43,½µÂä,20170506 1205,41
0665,9,½µÂä,20170506 1210,66
0335,141,Æð·É,20170506 1210,60
1048,81,½µÂä,20170506 1215,38
0501,50,Æð·É,20170506 1220,64
0174,91,Æð·É,20170506 1230,62
0184,19,½µÂä,20170506 1235,57
2103,131,Æð·É,20170506 1250,57
1422,107,½µÂä,20170506 1250,7
1321,89,½µÂä,20170506 1255,27
2262,140,Æð·É,20170506 1300,32
0476,108,Æð·É,20170506 1310,52
1867,59,Æð·É,20170506 1315,38
1357,14,½µÂä,20170506 1315,22
1065,9,Æð·É,20170506 1315,16
0368,92,½µÂä,20170506 1320,60
0006,6,½µÂä,20170506 1325,68
0217,30,½µÂä,20170506 1330,62
0286,18,½µÂä,20170506 1340,14
0106,13,½µÂä,20170506 1350,21
1196,107,Æð·É,20170506 1355,9
1304,118,½µÂä,20170506 1355,20
0569,28,½µÂä,20170506 1400,25
1228,19,Æð·É,20170506 1400,68
1329,89,Æð·É,20170506 1400,15
0098,5,½µÂä,20170506 1415,67
1361,14,Æð·É,20170506 1415,78
0982,67,½µÂä,20170506 1415,38
1156,94,½µÂä,20170506 1420,72
1000,133,½µÂä,20170506 1420,42
2214,43,Æð·É,20170506 1420,35
1821,36,½µÂä,20170506 1425,54
0199,6,Æð·É,20170506 1430,62
0470,132,½µÂä,20170506 1445,57
0242,18,Æð·É,20170506 1500,57
0536,10,Æð·É,20170506 1500,25
1258,56,½µÂä,20170506 1505,62
1314,118,Æð·É,20170506 1510,27
0108,13,Æð·É,20170506 1510,37
1650,92,Æð·É,20170506 1510,67
0875,103,½µÂä,20170506 1520,46
0382,68,½µÂä,20170506 1535,79
0700,81,Æð·É,20170506 1545,30
1368,67,Æð·É,20170506 1555,10
0252,94,Æð·É,20170506 1600,62
0648,20,½µÂä,20170506 1600,25
1073,42,½µÂä,20170506 1600,31
1179,109,½µÂä,20170506 1600,34
0104,115,½µÂä,20170506 1615,37
1393,8,½µÂä,20170506 1625,78
0776,30,Æð·É,20170506 1630,46
1040,132,Æð·É,20170506 1635,42
0053,7,½µÂä,20170506 1640,32
0484,133,Æð·É,20170506 1650,57
0905,93,½µÂä,20170506 1655,46
1338,111,½µÂä,20170506 1655,27
0742,28,Æð·É,20170506 1700,25
0934,68,Æð·É,20170506 1705,38
0270,91,½µÂä,20170506 1710,62
1405,36,Æð·É,20170506 1710,6
0113,77,½µÂä,20170506 1720,67
0110,115,Æð·É,20170506 1730,21
0238,58,½µÂä,20170506 1730,16
0655,109,Æð·É,20170506 1735,66
0661,48,½µÂä,20170506 1735,52
1342,97,½µÂä,20170506 1740,15
0805,103,Æð·É,20170506 1750,11
1347,8,Æð·É,20170506 1750,22
1340,111,Æð·É,20170506 1755,20
0025,29,½µÂä,20170506 1755,72
2198,43,½µÂä,20170506 1800,35
2301,42,Æð·É,20170506 1805,39
0688,35,½µÂä,20170506 1805,8
1148,56,Æð·É,20170506 1810,34
1401,7,Æð·É,20170506 1810,18
0474,121,½µÂä,20170506 1810,56
1218,54,½µÂä,20170506 1825,48
0313,93,Æð·É,20170506 1830,14
0394,58,Æð·É,20170506 1835,60
2110,142,½µÂä,20170506 1835,60
1853,77,Æð·É,20170506 1850,33
0464,126,½µÂä,20170506 1855,79
1265,19,½µÂä,20170506 1855,68
0231,48,Æð·É,20170506 1900,62
0550,22,½µÂä,20170506 1905,25
1035,43,Æð·É,20170506 1905,31
2259,32,½µÂä,20170506 1905,67
0855,124,½µÂä,20170506 1905,37
0187,6,½µÂä,20170506 1910,62
1307,97,Æð·É,20170506 1920,27
2349,90,½µÂä,20170506 1920,65
1283,18,½µÂä,20170506 1935,57
0216,105,½µÂä,20170506 1955,22
0330,19,Æð·É,20170506 1955,17
0531,35,Æð·É,20170506 2005,63
1475,11,½µÂä,20170506 2010,21
0480,126,Æð·É,20170506 2010,36
0707,106,½µÂä,20170506 2015,32
0155,90,Æð·É,20170506 2030,72
0162,6,Æð·É,20170506 2055,62
1062,9,½µÂä,20170506 2055,16
2339,18,Æð·É,20170506 2100,11
0273,94,½µÂä,20170506 2100,62
0810,130,½µÂä,20170506 2105,52
0077,121,Æð·É,20170506 2105,67
1676,92,½µÂä,20170506 2110,67
0159,105,Æð·É,20170506 2110,37
1482,11,Æð·É,20170506 2110,52
1412,36,½µÂä,20170506 2125,6
0496,91,Æð·É,20170506 2130,25
0915,41,½µÂä,20170506 2135,38
1185,107,½µÂä,20170506 2140,9
0343,20,Æð·É,20170506 2140,1
0073,24,½µÂä,20170506 2140,36
0306,22,Æð·É,20170506 2150,24
0499,10,½µÂä,20170506 2200,25
0178,9,Æð·É,20170506 2200,32
0276,93,½µÂä,20170506 2205,14
0659,81,½µÂä,20170506 2205,30
1383,67,½µÂä,20170506 2240,10
2300,42,½µÂä,20170506 2250,39
1553,14,½µÂä,20170506 2255,58
2268,140,½µÂä,20170506 2255,32
1859,77,½µÂä,20170506 2255,33
2114,131,½µÂä,20170506 2255,57
1099,56,½µÂä,20170506 2300,34
0851,64,½µÂä,20170506 2300,37
0792,30,½µÂä,20170506 2305,46
0709,26,½µÂä,20170506 2315,25
1007,43,½µÂä,20170506 2320,31
0376,141,½µÂä,20170506 2325,60
0524,50,½µÂä,20170506 2330,64
0240,48,½µÂä,20170506 2335,62
0763,103,½µÂä,20170506 2335,11
2320,59,½µÂä,20170506 2340,38
0523,74,½µÂä,20170506 2340,52
1420,7,½µÂä,20170507 0610,18
0591,23,½µÂä,20170507 0610,2
1293,107,Æð·É,20170507 0650,66
1243,124,Æð·É,20170507 0650,33
0886,130,Æð·É,20170507 0655,54
1013,41,Æð·É,20170507 0700,31
0556,3,Æð·É,20170507 0700,25
0148,50,Æð·É,20170507 0700,62
2045,81,Æð·É,20170507 0705,65
0044,92,Æð·É,20170507 0715,32
0438,142,Æð·É,20170507 0725,56
2117,5,Æð·É,20170507 0730,60
0670,103,Æð·É,20170507 0730,52
1194,131,Æð·É,20170507 0735,72
2269,32,Æð·É,20170507 0745,67
0167,48,Æð·É,20170507 0745,57
0283,36,Æð·É,20170507 0750,79
1568,42,Æð·É,20170507 0755,53
1246,30,Æð·É,20170507 0805,48
0766,77,Æð·É,20170507 0810,37
1548,93,Æð·É,20170507 0815,58
1276,140,Æð·É,20170507 0820,68
0872,43,Æð·É,20170507 0835,46
1416,10,Æð·É,20170507 0845,7
0611,64,Æð·É,20170507 0850,8
1463,106,Æð·É,20170507 0850,12
0567,14,Æð·É,20170507 0850,27
2344,18,½µÂä,20170507 0855,11
0124,84,½µÂä,20170507 0855,32
0204,26,Æð·É,20170507 0855,62
1810,74,Æð·É,20170507 0900,54
0560,24,Æð·É,20170507 0900,25
0131,90,½µÂä,20170507 0920,72
0192,37,½µÂä,20170507 0920,62
0234,7,Æð·É,20170507 0930,16
1479,11,½µÂä,20170507 0935,52
0678,67,Æð·É,20170507 0940,32
0815,141,Æð·É,20170507 0950,52
1297,56,Æð·É,20170507 0955,62
0521,35,½µÂä,20170507 0955,25
0327,94,Æð·É,20170507 1000,14
0628,137,½µÂä,20170507 1015,27
0892,90,Æð·É,20170507 1020,46
1486,11,Æð·É,20170507 1035,21
0212,105,½µÂä,20170507 1040,37
0545,109,½µÂä,20170507 1050,63
1256,107,½µÂä,20170507 1050,66
0527,23,Æð·É,20170507 1100,25
0137,59,Æð·É,20170507 1105,67
0864,35,Æð·É,20170507 1105,38
0489,135,½µÂä,20170507 1105,36
1033,41,½µÂä,20170507 1110,31
1164,18,Æð·É,20170507 1110,34
0060,29,Æð·É,20170507 1115,72
0640,137,Æð·É,20170507 1115,41
0117,6,½µÂä,20170507 1115,62
0849,54,Æð·É,20170507 1135,37
0171,105,Æð·É,20170507 1145,22
1215,121,½µÂä,20170507 1155,33
1045,107,Æð·É,20170507 1155,31
0291,19,½µÂä,20170507 1155,17
1570,42,½µÂä,20170507 1200,53
1206,109,Æð·É,20170507 1200,48
0446,135,Æð·É,20170507 1205,79
0666,63,½µÂä,20170507 1210,66
0336,37,Æð·É,20170507 1210,60
0380,6,Æð·É,20170507 1220,55
0175,41,Æð·É,20170507 1230,62
1061,84,Æð·É,20170507 1230,16
0185,48,½µÂä,20170507 1235,57
1423,10,½µÂä,20170507 1250,7
2186,42,Æð·É,20170507 1250,73
1322,118,½µÂä,20170507 1255,27
0548,19,Æð·É,20170507 1300,57
0477,63,Æð·É,20170507 1310,52
1868,121,Æð·É,20170507 1315,38
0268,8,½µÂä,20170507 1315,22
0378,57,½µÂä,20170507 1320,60
1290,102,½µÂä,20170507 1325,68
0215,26,½µÂä,20170507 1330,62
0985,115,½µÂä,20170507 1335,21
0287,94,½µÂä,20170507 1340,14
1469,10,Æð·É,20170507 1355,13
1353,12,½µÂä,20170507 1355,20
0557,3,½µÂä,20170507 1400,25
1229,48,Æð·É,20170507 1400,68
1330,118,Æð·É,20170507 1400,15
0221,8,Æð·É,20170507 1415,27
0099,124,½µÂä,20170507 1415,67
0983,71,½µÂä,20170507 1415,38
1001,132,½µÂä,20170507 1420,42
1157,131,½µÂä,20170507 1420,72
2215,57,Æð·É,20170507 1420,35
1817,74,½µÂä,20170507 1425,54
0200,102,Æð·É,20170507 1430,62
0992,115,Æð·É,20170507 1435,78
1208,30,½µÂä,20170507 1445,48
0471,133,½µÂä,20170507 1445,57
0243,94,Æð·É,20170507 1500,57
0532,26,Æð·É,20170507 1500,25
1300,56,½µÂä,20170507 1505,62
1651,124,Æð·É,20170507 1510,67
1360,12,Æð·É,20170507 1510,37
0876,43,½µÂä,20170507 1520,46
1464,106,½µÂä,20170507 1530,12
0377,36,½µÂä,20170507 1535,79
0603,137,½µÂä,20170507 1545,41
0701,131,Æð·É,20170507 1545,30
1152,30,Æð·É,20170507 1550,31
1063,107,½µÂä,20170507 1555,31
1180,18,½µÂä,20170507 1555,34
1369,71,Æð·É,20170507 1555,10
0253,74,Æð·É,20170507 1600,62
0575,24,½µÂä,20170507 1600,25
1333,13,½µÂä,20170507 1615,37
0777,43,Æð·É,20170507 1630,46
1041,133,Æð·É,20170507 1635,42
1016,93,½µÂä,20170507 1635,78
0023,92,½µÂä,20170507 1640,32
0620,137,Æð·É,20170507 1645,27
0263,14,½µÂä,20170507 1645,27
1406,36,Æð·É,20170507 1650,6
0485,132,Æð·É,20170507 1650,57
0906,90,½µÂä,20170507 1655,46
0737,3,Æð·É,20170507 1700,25
0935,107,Æð·É,20170507 1705,38
0271,41,½µÂä,20170507 1710,62
0152,59,½µÂä,20170507 1720,67
0194,56,Æð·É,20170507 1730,62
0229,7,½µÂä,20170507 1730,16
0656,106,Æð·É,20170507 1735,66
0662,103,½µÂä,20170507 1735,52
1024,93,Æð·É,20170507 1735,21
1337,13,Æð·É,20170507 1740,20
1343,89,½µÂä,20170507 1740,15
0265,14,Æð·É,20170507 1745,22
0806,18,Æð·É,20170507 1750,11
0020,29,½µÂä,20170507 1755,72
2199,57,½µÂä,20170507 1800,35
0689,64,½µÂä,20170507 1805,8
1402,90,Æð·É,20170507 1810,18
1149,92,Æð·É,20170507 1810,34
0451,125,½µÂä,20170507 1810,56
0067,41,Æð·É,20170507 1820,68
1219,109,½µÂä,20170507 1825,48
0314,7,Æð·É,20170507 1830,14
2235,59,Æð·É,20170507 1830,40
2111,134,½µÂä,20170507 1835,60
0348,103,Æð·É,20170507 1835,60
1854,125,Æð·É,20170507 1850,33
0316,22,½µÂä,20170507 1855,24
0232,57,Æð·É,20170507 1900,62
1261,48,½µÂä,20170507 1900,68
1036,64,Æð·É,20170507 1905,31
0540,25,½µÂä,20170507 1905,25
0465,53,½µÂä,20170507 1905,79
0833,77,½µÂä,20170507 1905,37
0188,102,½µÂä,20170507 1910,62
1308,89,Æð·É,20170507 1920,27
1284,94,½µÂä,20170507 1935,57
0331,109,Æð·É,20170507 1955,17
2040,120,½µÂä,20170507 2000,65
0196,108,½µÂä,20170507 2010,22
0481,53,Æð·É,20170507 2010,36
1476,11,½µÂä,20170507 2010,21
1064,84,½µÂä,20170507 2015,16
1172,30,½µÂä,20170507 2015,31
0650,67,½µÂä,20170507 2015,32
0097,44,½µÂä,20170507 2025,67
0156,134,Æð·É,20170507 2030,72
0222,75,½µÂä,20170507 2100,62
2340,102,Æð·É,20170507 2100,11
0078,120,Æð·É,20170507 2105,67
0796,141,½µÂä,20170507 2105,52
0163,30,Æð·É,20170507 2105,62
0207,108,Æð·É,20170507 2110,37
1483,11,Æð·É,20170507 2110,52
1670,124,½µÂä,20170507 2110,67
1465,10,½µÂä,20170507 2115,13
1413,36,½µÂä,20170507 2125,6
0497,84,Æð·É,20170507 2130,25
0916,35,½µÂä,20170507 2135,38
0297,22,Æð·É,20170507 2200,23
0547,28,½µÂä,20170507 2200,25
0179,48,Æð·É,20170507 2200,32
0653,131,½µÂä,20170507 2205,30
0333,7,½µÂä,20170507 2205,14
0209,56,½µÂä,20170507 2215,62
2164,42,½µÂä,20170507 2235,73
1384,71,½µÂä,20170507 2240,10
1556,115,½µÂä,20170507 2255,58
1857,125,½µÂä,20170507 2255,33
0583,19,½µÂä,20170507 2255,57
0824,54,½µÂä,20170507 2300,37
1100,92,½µÂä,20170507 2300,34
0793,43,½µÂä,20170507 2305,46
0881,49,½µÂä,20170507 2305,54
0030,41,½µÂä,20170507 2310,68
0752,2,½µÂä,20170507 2315,25
0990,64,½µÂä,20170507 2320,31
0581,8,½µÂä,20170507 2320,27
0355,37,½µÂä,20170507 2325,60
2236,59,½µÂä,20170507 2325,40
0359,6,½µÂä,20170507 2330,55
0248,57,½µÂä,20170507 2335,62
0762,18,½µÂä,20170507 2335,11
2321,121,½µÂä,20170507 2340,38
0514,117,½µÂä,20170507 2340,52
0539,24,Æð·É,20170508 0010,2
1419,90,½µÂä,20170508 0610,18
0424,20,½µÂä,20170508 0610,1
1294,10,Æð·É,20170508 0650,66
1244,131,Æð·É,20170508 0650,33
0149,92,Æð·É,20170508 0700,62
0598,2,Æð·É,20170508 0700,25
1014,35,Æð·É,20170508 0700,31
2042,37,Æð·É,20170508 0705,65
0075,44,Æð·É,20170508 0710,67
0045,90,Æð·É,20170508 0715,32
0439,94,Æð·É,20170508 0725,56
2118,124,Æð·É,20170508 0730,60
0671,18,Æð·É,20170508 0730,52
1116,36,Æð·É,20170508 0735,41
1195,28,Æð·É,20170508 0735,72
2356,59,Æð·É,20170508 0740,51
0168,19,Æð·É,20170508 0745,57
0284,67,Æð·É,20170508 0750,79
1569,42,Æð·É,20170508 0755,53
1247,54,Æð·É,20170508 0805,48
1088,41,Æð·É,20170508 0805,38
0767,121,Æð·É,20170508 0810,37
1559,8,Æð·É,20170508 0815,58
1277,125,Æð·É,20170508 0820,68
0873,49,Æð·É,20170508 0835,46
1411,75,Æð·É,20170508 0845,7
0574,115,Æð·É,20170508 0850,27
1815,77,Æð·É,20170508 0855,54
0205,57,Æð·É,20170508 0855,62
0125,48,½µÂä,20170508 0855,32
2345,102,½µÂä,20170508 0855,11
0561,20,Æð·É,20170508 0900,25
0133,134,½µÂä,20170508 0920,72
0182,30,½µÂä,20170508 0920,62
0247,6,Æð·É,20170508 0930,16
1480,11,½µÂä,20170508 0935,52
0679,71,Æð·É,20170508 0940,32
0816,141,Æð·É,20170508 0950,52
1298,56,Æð·É,20170508 0955,62
0522,86,½µÂä,20170508 0955,25
0328,102,Æð·É,20170508 1000,14
0629,76,½µÂä,20170508 1015,27
0893,48,Æð·É,20170508 1020,46
0853,11,Æð·É,20170508 1035,21
0213,108,½µÂä,20170508 1040,37
1257,10,½µÂä,20170508 1050,66
0528,25,Æð·É,20170508 1100,25
0138,30,Æð·É,20170508 1105,67
0490,55,½µÂä,20170508 1105,36
0865,86,Æð·É,20170508 1105,38
1026,35,½µÂä,20170508 1110,31
1165,117,Æð·É,20170508 1110,34
0061,29,Æð·É,20170508 1115,72
0641,76,Æð·É,20170508 1115,41
0118,80,½µÂä,20170508 1115,62
0850,64,Æð·É,20170508 1135,37
0172,108,Æð·É,20170508 1145,22
0292,109,½µÂä,20170508 1155,17
1207,43,Æð·É,20170508 1200,48
1221,127,½µÂä,20170508 1200,33
1572,42,½µÂä,20170508 1200,53
1046,7,Æð·É,20170508 1200,31
1128,36,½µÂä,20170508 1205,41
0447,55,Æð·É,20170508 1205,79
0337,134,Æð·É,20170508 1210,60
0667,84,½µÂä,20170508 1210,66
1049,41,½µÂä,20170508 1215,38
0381,35,Æð·É,20170508 1220,55
0176,80,Æð·É,20170508 1230,62
0186,19,½µÂä,20170508 1235,57
1323,97,½µÂä,20170508 1300,27
0549,10,Æð·É,20170508 1300,57
1424,75,½µÂä,20170508 1300,7
1749,42,Æð·É,20170508 1305,32
2159,109,Æð·É,20170508 1305,73
0478,84,Æð·É,20170508 1310,52
1066,127,Æð·É,20170508 1315,16
1358,14,½µÂä,20170508 1315,22
0390,103,½µÂä,20170508 1320,60
0007,129,½µÂä,20170508 1325,68
0218,57,½µÂä,20170508 1330,62
0535,19,Æð·É,20170508 1335,63
0288,102,½µÂä,20170508 1340,14
1197,36,Æð·É,20170508 1355,9
0107,93,½µÂä,20170508 1400,21
1331,97,Æð·É,20170508 1400,15
1305,13,½µÂä,20170508 1400,20
0565,2,½µÂä,20170508 1400,25
1230,75,Æð·É,20170508 1400,68
1362,14,Æð·É,20170508 1415,78
0965,69,½µÂä,20170508 1415,38
0093,131,½µÂä,20170508 1415,67
1158,28,½µÂä,20170508 1420,72
1002,133,½µÂä,20170508 1420,42
2216,103,Æð·É,20170508 1420,35
1818,77,½µÂä,20170508 1425,54
0201,57,Æð·É,20170508 1430,62
1209,54,½µÂä,20170508 1445,48
0537,2,Æð·É,20170508 1500,25
0472,1,½µÂä,20170508 1500,57
0244,102,Æð·É,20170508 1500,57
1301,56,½µÂä,20170508 1505,62
1652,129,Æð·É,20170508 1510,67
0109,93,Æð·É,20170508 1510,37
1315,13,Æð·É,20170508 1510,27
0877,49,½µÂä,20170508 1520,46
0370,67,½µÂä,20170508 1535,79
0604,76,½µÂä,20170508 1545,41
1153,69,Æð·É,20170508 1550,31
1370,54,Æð·É,20170508 1555,10
0254,41,Æð·É,20170508 1600,62
1181,117,½µÂä,20170508 1600,34
1074,7,½µÂä,20170508 1600,31
0576,20,½µÂä,20170508 1600,25
0105,12,½µÂä,20170508 1615,37
1394,8,½µÂä,20170508 1625,78
0778,77,Æð·É,20170508 1630,46
1042,1,Æð·É,20170508 1635,42
0032,90,½µÂä,20170508 1640,32
0621,76,Æð·É,20170508 1645,27
1407,49,Æð·É,20170508 1650,6
0486,131,Æð·É,20170508 1650,57
0907,48,½µÂä,20170508 1655,46
1334,115,½µÂä,20170508 1655,27
0738,20,Æð·É,20170508 1700,25
0936,67,Æð·É,20170508 1705,38
0272,80,½µÂä,20170508 1710,62
0153,30,½µÂä,20170508 1720,67
0239,6,½µÂä,20170508 1730,16
0111,12,Æð·É,20170508 1730,21
0657,117,Æð·É,20170508 1735,66
0663,18,½µÂä,20170508 1735,52
1344,118,½µÂä,20170508 1740,15
1348,8,Æð·É,20170508 1750,22
0807,90,Æð·É,20170508 1750,11
0021,29,½µÂä,20170508 1755,72
1335,115,Æð·É,20170508 1755,20
2200,103,½µÂä,20170508 1800,35
2302,48,Æð·É,20170508 1805,39
1403,7,Æð·É,20170508 1810,18
0462,94,½µÂä,20170508 1810,56
1150,80,Æð·É,20170508 1810,34
0068,30,Æð·É,20170508 1820,68
1220,43,½µÂä,20170508 1825,48
0315,6,Æð·É,20170508 1830,14
0395,18,Æð·É,20170508 1835,60
2112,136,½µÂä,20170508 1835,60
1855,133,Æð·É,20170508 1850,33
0385,22,½µÂä,20170508 1855,23
1262,75,½µÂä,20170508 1855,68
0466,122,½µÂä,20170508 1855,79
0233,29,Æð·É,20170508 1900,62
0541,23,½µÂä,20170508 1905,25
2260,32,½µÂä,20170508 1905,67
0842,121,½µÂä,20170508 1905,37
1037,103,Æð·É,20170508 1905,31
0190,57,½µÂä,20170508 1910,62
2041,82,½µÂä,20170508 1920,65
1309,118,Æð·É,20170508 1920,27
1285,102,½µÂä,20170508 1935,57
0197,95,½µÂä,20170508 1955,22
0332,94,Æð·É,20170508 1955,17
0482,122,Æð·É,20170508 2010,36
0880,11,½µÂä,20170508 2010,21
1173,69,½µÂä,20170508 2015,31
0708,71,½µÂä,20170508 2015,32
0157,82,Æð·É,20170508 2030,72
0164,43,Æð·É,20170508 2055,62
0266,31,½µÂä,20170508 2055,62
1059,127,½µÂä,20170508 2055,16
2341,102,Æð·É,20170508 2100,11
0079,121,Æð·É,20170508 2105,67
0797,141,½µÂä,20170508 2105,52
1484,11,Æð·É,20170508 2110,52
1671,129,½µÂä,20170508 2110,67
0208,95,Æð·É,20170508 2110,37
1414,49,½µÂä,20170508 2125,6
0498,71,Æð·É,20170508 2130,25
0917,86,½µÂä,20170508 2135,38
1182,36,½µÂä,20170508 2140,9
0344,22,Æð·É,20170508 2140,1
0180,57,Æð·É,20170508 2200,32
0500,17,½µÂä,20170508 2200,25
0323,6,½µÂä,20170508 2205,14
2161,109,½µÂä,20170508 2235,73
1386,54,½µÂä,20170508 2240,10
2303,48,½µÂä,20170508 2250,39
0584,10,½µÂä,20170508 2255,57
1554,14,½µÂä,20170508 2255,58
1858,133,½µÂä,20170508 2255,33
1731,42,½µÂä,20170508 2255,32
1101,80,½µÂä,20170508 2300,34
0831,64,½µÂä,20170508 2300,37
0802,77,½µÂä,20170508 2305,46
0038,30,½µÂä,20170508 2310,68
0754,26,½µÂä,20170508 2315,25
0998,103,½µÂä,20170508 2320,31
0369,134,½µÂä,20170508 2325,60
0435,35,½µÂä,20170508 2330,55
0758,90,½µÂä,20170508 2335,11
0256,29,½µÂä,20170508 2335,62
0505,111,½µÂä,20170508 2340,52
0590,24,½µÂä,20170509 0610,2
